time,x,y,z,rotation,,,
2022-08-15 9:37:25.803,0.290801555,1.861207843,0.963734925,0.006027777,0.999901712,0.011617941,-0.005036321
2022-08-15 9:37:25.812,0.290797949,1.861224294,0.963710546,0.006172367,0.999899387,0.011733866,-0.005042367
2022-08-15 9:37:25.829,0.290619016,1.861671686,0.963012874,0.009539559,0.999834001,0.014424847,-0.005747989
2022-08-15 9:37:25.831,0.290851384,1.86111474,0.963896394,0.005021991,0.99991703,0.010861184,-0.004791888
2022-08-15 9:37:25.837,0.290770739,1.861232877,0.963689625,0.006291013,0.999897361,0.011830743,-0.005074925
2022-08-15 9:37:25.845,0.29081443,1.861149669,0.963844597,0.00520161,0.999913633,0.011025853,-0.004913323
2022-08-15 9:37:25.853,0.290804893,1.861170173,0.963780403,0.005675456,0.999907017,0.011370925,-0.004958637
2022-08-15 9:37:25.856,0.290812761,1.86116302,0.963806093,0.005643961,0.999907494,0.011365156,-0.004904947
2022-08-15 9:37:25.870,0.290787101,1.861204267,0.963747382,0.005824784,0.999904275,0.011510014,-0.005014766
2022-08-15 9:37:25.878,0.29085505,1.86110878,0.963883519,0.005130537,0.999915779,0.010929949,-0.004778281
2022-08-15 9:37:25.886,0.290833414,1.861140251,0.963836789,0.005372241,0.999911964,0.011112015,-0.004886372
2022-08-15 9:37:25.895,0.29080984,1.86117065,0.963791549,0.005663602,0.999907136,0.011366202,-0.004949731
2022-08-15 9:37:25.904,0.290841877,1.861108184,0.963883817,0.005105005,0.999915838,0.010927896,-0.004775047
2022-08-15 9:37:25.911,0.290780753,1.86123848,0.963665247,0.006468351,0.9998945,0.011968574,-0.005090371
2022-08-15 9:37:25.921,0.290841311,1.861110091,0.96389389,0.004951051,0.999917746,0.010828855,-0.004770083
2022-08-15 9:37:25.928,0.290801585,1.861215472,0.963700891,0.006229728,0.999898911,0.011749282,-0.005036371
2022-08-15 9:37:25.937,0.290766716,1.861258626,0.96366024,0.006506168,0.999893188,0.012055138,-0.005112829
2022-08-15 9:37:25.945,0.290781289,1.861268401,0.963612676,0.006739524,0.999889672,0.012196747,-0.005143636
2022-08-15 9:37:25.954,0.290805399,1.861229062,0.963638902,0.006583592,0.999893486,0.011999659,-0.005082679
2022-08-15 9:37:25.961,0.290868849,1.861088872,0.963895559,0.005036986,0.999917448,0.010841083,-0.00472642
2022-08-15 9:37:25.972,0.290749758,1.86131227,0.963537157,0.007225201,0.999881327,0.012564051,-0.005223231
2022-08-15 9:37:25.979,0.290656865,1.861559629,0.963180542,0.00893391,0.999847651,0.013913436,-0.005597617
2022-08-15 9:37:25.988,0.290763706,1.8612746,0.963627815,0.006694055,0.999890625,0.012141221,-0.005161716
2022-08-15 9:37:25.995,0.290795773,1.861184001,0.963757575,0.005896828,0.999903738,0.011528364,-0.004995635
2022-08-15 9:37:26.009,0.290673763,1.861508727,0.963278711,0.008498015,0.999856055,0.013605015,-0.005547309
2022-08-15 9:37:26.013,0.29067564,1.861414194,0.963443696,0.007623932,0.999872088,0.012973909,-0.005416594
2022-08-15 9:37:26.020,0.290756702,1.861219645,0.963721335,0.006024801,0.999900937,0.011671428,-0.005059401
2022-08-15 9:37:26.028,0.290652961,1.861473918,0.963341236,0.008136305,0.999862015,0.013404972,-0.005495256
2022-08-15 9:37:26.038,0.290791422,1.861152172,0.963828385,0.00531808,0.999911547,0.011138014,-0.004955722
2022-08-15 9:37:26.045,0.290689796,1.861343503,0.963550985,0.007019127,0.999882817,0.012523485,-0.005311068
2022-08-15 9:37:26.053,0.290734231,1.861297488,0.963598549,0.006849411,0.999887288,0.012304071,-0.005213893
2022-08-15 9:37:26.063,0.290785909,1.86115849,0.963818371,0.00540308,0.999910533,0.011202675,-0.004939835
2022-08-15 9:37:26.070,0.291498572,1.860758901,0.964188635,0.004711623,0.999931455,0.010158356,-0.003425788
2022-08-15 9:37:26.079,0.291505635,1.860758662,0.964188337,0.004728109,0.999931395,0.010163021,-0.003419045
2022-08-15 9:37:26.087,0.29071629,1.861353278,0.963518262,0.007194325,0.999880135,0.012641446,-0.005310971
2022-08-15 9:37:26.094,0.291510999,1.860761642,0.964184523,0.004742745,0.999930859,0.010209141,-0.00339273
2022-08-15 9:37:26.103,0.290838212,1.861098766,0.963933349,0.004660246,0.999921322,0.010638022,-0.004747542
2022-08-15 9:37:26.112,0.290811092,1.861136556,0.963874638,0.00505471,0.999915659,0.010944331,-0.004836789
2022-08-15 9:37:26.114,0.291504443,1.860758543,0.964185297,0.004770086,0.999930561,0.010239085,-0.003385966
2022-08-15 9:37:26.129,0.290879875,1.861090064,0.963898242,0.004927172,0.999918699,0.010748472,-0.004773795
2022-08-15 9:37:26.137,0.290835798,1.861125112,0.963895738,0.005011094,0.999916732,0.010885756,-0.004799499
2022-08-15 9:37:26.145,0.290794581,1.861196518,0.96374625,0.005929492,0.999902904,0.011581123,-0.004990101
2022-08-15 9:37:26.154,0.290790826,1.861198425,0.963769972,0.005698063,0.999906003,0.011450355,-0.00495836
2022-08-15 9:37:26.163,0.290846527,1.861110926,0.963910282,0.004850792,0.999918997,0.010754589,-0.004779324
2022-08-15 9:37:26.171,0.290846825,1.861104369,0.963937283,0.004686657,0.999920964,0.010659069,-0.004747923
2022-08-15 9:37:26.173,0.290843815,1.861134052,0.963852108,0.005295812,0.999913216,0.011057672,-0.00483502
2022-08-15 9:37:26.188,0.290896624,1.861071825,0.963973999,0.004474781,0.999924481,0.010463391,-0.00464625
2022-08-15 9:37:26.197,0.290867776,1.861095309,0.963950396,0.004611694,0.999922454,0.010570501,-0.00469648
2022-08-15 9:37:26.204,0.290823489,1.861118913,0.963907301,0.004855076,0.99991852,0.010793476,-0.004796726
2022-08-15 9:37:26.214,0.290869147,1.861076474,0.963973105,0.004470313,0.999923885,0.010524866,-0.004642929
2022-08-15 9:37:26.221,0.290895075,1.861065984,0.963992834,0.004363627,0.999925613,0.010414898,-0.004621931
2022-08-15 9:37:26.229,0.290826797,1.861111879,0.96392417,0.004696108,0.999920309,0.010711879,-0.004753015
2022-08-15 9:37:26.237,0.290802985,1.861148,0.963852584,0.005248696,0.999913216,0.01105777,-0.004872938
2022-08-15 9:37:26.247,0.290823191,1.86114049,0.963858247,0.005307753,0.9999125,0.011104305,-0.00485339
2022-08-15 9:37:26.254,0.290804923,1.861162901,0.963815272,0.005496318,0.99990952,0.011239005,-0.004950398
2022-08-15 9:37:26.262,0.290815592,1.861143112,0.963833392,0.005314544,0.999912202,0.011117515,-0.004890418
2022-08-15 9:37:26.273,0.290795475,1.861193657,0.963748813,0.005897613,0.999903262,0.011579663,-0.004971389
2022-08-15 9:37:26.281,0.290858746,1.861100793,0.963922977,0.004793744,0.999919772,0.010740877,-0.004716253
2022-08-15 9:37:26.287,0.290846348,1.861105919,0.963938355,0.004669126,0.999921024,0.010663436,-0.004751476
2022-08-15 9:37:26.295,0.29085055,1.861104488,0.963932097,0.004743025,0.999920368,0.010685507,-0.004754856
2022-08-15 9:37:26.306,0.290862083,1.861102104,0.963933945,0.004688688,0.999921203,0.010637747,-0.004749323
2022-08-15 9:37:26.307,0.29086706,1.861090302,0.963971972,0.004539976,0.999923229,0.010539615,-0.004677386
2022-08-15 9:37:26.321,0.290884912,1.861081243,0.964003325,0.004256131,0.999926984,0.010306393,-0.004655515
2022-08-15 9:37:26.329,0.290830851,1.861126781,0.963929474,0.004707198,0.999920189,0.01069394,-0.00481124
2022-08-15 9:37:26.337,0.29089272,1.861062765,0.96398443,0.004399929,0.999925613,0.010384903,-0.004639956
2022-08-15 9:37:26.346,0.290864378,1.861088157,0.963962793,0.004562482,0.999923289,0.010517905,-0.00470278
2022-08-15 9:37:26.354,0.290896326,1.861067772,0.964011729,0.004258214,0.999926925,0.010337836,-0.004613491
2022-08-15 9:37:26.355,0.290808678,1.861143708,0.9638834,0.005072812,0.999915123,0.010981585,-0.004842909
2022-08-15 9:37:26.370,0.290868431,1.861092687,0.963957489,0.00461422,0.999922454,0.010577128,-0.004676668
2022-08-15 9:37:26.372,0.290843576,1.861104488,0.963920534,0.00488084,0.99991858,0.010804554,-0.004727935
2022-08-15 9:37:26.383,0.290839761,1.86111629,0.963910758,0.004920928,0.999918103,0.010824764,-0.004746454
2022-08-15 9:37:26.397,0.290800095,1.861184239,0.963811696,0.005611266,0.999907553,0.01136368,-0.004932816
2022-08-15 9:37:26.398,0.290754497,1.861239314,0.963741004,0.005952595,0.999900997,0.011692014,-0.005092231
2022-08-15 9:37:26.407,0.29079777,1.861148477,0.963892579,0.004987772,0.999916255,0.010920414,-0.004827122
2022-08-15 9:37:26.423,0.290820539,1.861124396,0.963918746,0.004793538,0.999918759,0.01080476,-0.004786352
2022-08-15 9:37:26.430,0.29082346,1.861123681,0.963921666,0.004841603,0.99991852,0.010804472,-0.004782605
2022-08-15 9:37:26.438,0.290868968,1.861091375,0.963962495,0.004589274,0.999922812,0.010569389,-0.004662137
2022-08-15 9:37:26.448,0.290804386,1.861184001,0.963798702,0.005669833,0.9999066,0.011407201,-0.004947752
2022-08-15 9:37:26.454,0.290835768,1.8611269,0.963916004,0.004831437,0.999918938,0.010766855,-0.004799168
2022-08-15 9:37:26.456,0.290840566,1.861120701,0.963904321,0.00492155,0.999918103,0.01079998,-0.004782994
2022-08-15 9:37:26.472,0.290863037,1.861086011,0.963934958,0.004779693,0.99992013,0.01071659,-0.004699531
2022-08-15 9:37:26.478,0.290850431,1.861095071,0.963909268,0.004848744,0.999919116,0.010750907,-0.004757752
2022-08-15 9:37:26.487,0.290875047,1.861094832,0.963934243,0.004830319,0.999919474,0.010750955,-0.004700369
2022-08-15 9:37:26.495,0.290826678,1.861115456,0.963897049,0.004968784,0.99991715,0.010875968,-0.004776316
2022-08-15 9:37:26.504,0.290869623,1.861087084,0.963932395,0.004772208,0.999920487,0.010699064,-0.004680946
2022-08-15 9:37:26.512,0.290885001,1.861070514,0.963961959,0.00464463,0.999922156,0.01060324,-0.004650791
2022-08-15 9:37:26.522,0.290856242,1.861106277,0.963883698,0.005093182,0.999916136,0.010914785,-0.00477176
2022-08-15 9:37:26.532,0.290819675,1.861127615,0.963896334,0.004970661,0.999916673,0.010903747,-0.004802582
2022-08-15 9:37:26.533,0.290858984,1.861099839,0.963930845,0.004798647,0.999919951,0.010722073,-0.00470974
2022-08-15 9:37:26.546,0.290920943,1.861051202,0.964005172,0.004330636,0.999926805,0.010341727,-0.004563978
2022-08-15 9:37:26.554,0.290894091,1.86107409,0.963978648,0.004541744,0.999923766,0.010533986,-0.004587525
2022-08-15 9:37:26.562,0.290883422,1.861074209,0.96393311,0.00482453,0.999919772,0.010735587,-0.004679332
2022-08-15 9:37:26.570,0.291502625,1.860772729,0.964195192,0.004786798,0.999930561,0.010212714,-0.003411619
2022-08-15 9:37:26.580,0.290842801,1.861111879,0.963923693,0.004789407,0.999919653,0.010737261,-0.004753226
2022-08-15 9:37:26.587,0.290860325,1.86109376,0.963967323,0.004426186,0.999924242,0.010502438,-0.004664693
2022-08-15 9:37:26.596,0.290889323,1.861075521,0.963988364,0.004357619,0.999925554,0.010428575,-0.004617865
2022-08-15 9:37:26.604,0.290881634,1.861073732,0.964004278,0.004278425,0.999926269,0.010386561,-0.004616356
2022-08-15 9:37:26.613,0.291483462,1.860778928,0.964202404,0.00477914,0.999930978,0.010181056,-0.003394145
2022-08-15 9:37:26.621,0.290875494,1.861073136,0.963983178,0.004391054,0.999924839,0.01046417,-0.004640056
2022-08-15 9:37:26.622,0.291493177,1.860784173,0.96421057,0.004746667,0.999931097,0.010184475,-0.003422131
2022-08-15 9:37:26.637,0.291470706,1.860791564,0.964211524,0.004760694,0.999931931,0.010093974,-0.003406868
2022-08-15 9:37:26.646,0.290868908,1.861080408,0.96399039,0.004362818,0.999925733,0.010396865,-0.004635455
2022-08-15 9:37:26.654,0.290891141,1.861070871,0.963985682,0.004469332,0.9999246,0.010464129,-0.004618724
2022-08-15 9:37:26.663,0.290872395,1.861082435,0.963994205,0.00436799,0.999925554,0.010412184,-0.004638608
2022-08-15 9:37:26.672,0.290891469,1.861063004,0.964017808,0.004304758,0.999926686,0.010355282,-0.004577563
2022-08-15 9:37:26.681,0.290891409,1.861054897,0.963991284,0.004352563,0.999926269,0.010372264,-0.004587117
2022-08-15 9:37:26.682,0.290859103,1.861091614,0.963972211,0.004551216,0.99992311,0.010551761,-0.004657411
2022-08-15 9:37:26.696,0.290901542,1.861056566,0.964013636,0.004376693,0.999926329,0.010375925,-0.004549392
2022-08-15 9:37:26.705,0.290898561,1.861064076,0.96399647,0.004360119,0.99992609,0.010392533,-0.004571433
2022-08-15 9:37:26.712,0.290917188,1.861044288,0.964037657,0.004204242,0.999928415,0.010263539,-0.004487731
2022-08-15 9:37:26.721,0.290922046,1.861059427,0.964032829,0.004214151,0.999927998,0.010294314,-0.004495929
2022-08-15 9:37:26.728,0.290876269,1.861076117,0.963991761,0.004411309,0.999925375,0.01042124,-0.004621703
2022-08-15 9:37:26.737,0.290875286,1.861078262,0.963985205,0.0044384,0.999925256,0.010421004,-0.00461247
2022-08-15 9:37:26.746,0.290871054,1.861087084,0.963960469,0.004667853,0.999922574,0.010572398,-0.004624384
2022-08-15 9:37:26.753,0.290818393,1.861127377,0.963884234,0.005044254,0.999916077,0.010927585,-0.00478965
2022-08-15 9:37:26.762,0.29084754,1.861111164,0.963934541,0.004774652,0.999919832,0.010733028,-0.00472401
2022-08-15 9:37:26.770,0.290827096,1.861140966,0.963888168,0.005036471,0.999916077,0.010939378,-0.004789903
2022-08-15 9:37:26.780,0.290762961,1.861246109,0.963702798,0.00613094,0.999899328,0.011753977,-0.005069819
2022-08-15 9:37:26.788,0.290887773,1.861076474,0.964000285,0.004309308,0.999926507,0.010364098,-0.004600282
2022-08-15 9:37:26.796,0.29077366,1.861209631,0.963772178,0.005790653,0.999904513,0.011515033,-0.004987859
2022-08-15 9:37:26.803,0.290809363,1.861143708,0.96383518,0.005360659,0.999911785,0.011146732,-0.004852209
2022-08-15 9:37:26.812,0.290816247,1.861140132,0.963865101,0.00513843,0.999914706,0.011000594,-0.004808859
2022-08-15 9:37:26.820,0.290810943,1.86114347,0.963849723,0.005230388,0.999913454,0.011053496,-0.004851866
2022-08-15 9:37:26.831,0.290811211,1.861149549,0.963849008,0.00527973,0.999912441,0.011125856,-0.004841119
2022-08-15 9:37:26.837,0.290843904,1.861106992,0.963907361,0.004862503,0.999918759,0.010794194,-0.004729313
2022-08-15 9:37:26.846,0.290822744,1.861119151,0.963871062,0.005116628,0.999915242,0.010980689,-0.00477502
2022-08-15 9:37:26.853,0.29079327,1.861152649,0.963855982,0.005173247,0.999913633,0.011076504,-0.004842752
2022-08-15 9:37:26.862,0.290816486,1.861130476,0.963878274,0.005037503,0.999916136,0.010935598,-0.004791386
2022-08-15 9:37:26.864,0.290800452,1.861156821,0.963822663,0.005435246,0.999910593,0.011213206,-0.004852094
2022-08-15 9:37:26.879,0.290826619,1.861114144,0.963886559,0.005088314,0.999915421,0.010992221,-0.004750283
2022-08-15 9:37:26.886,0.290841848,1.861105204,0.963912368,0.00488059,0.99991864,0.010805967,-0.004722109
2022-08-15 9:37:26.895,0.290865421,1.861099839,0.96393311,0.004816253,0.999919534,0.010760615,-0.004694921
2022-08-15 9:37:26.897,0.291141272,1.861018538,0.964029968,0.002967845,0.999928594,0.010507477,-0.004869213
2022-08-15 9:37:26.912,0.290858775,1.861081839,0.963946879,0.004553781,0.999922812,0.010584855,-0.004655952
2022-08-15 9:37:26.927,0.291497022,1.860781312,0.964187562,0.004795845,0.999930561,0.010226776,-0.003384871
2022-08-15 9:37:26.928,0.290837318,1.861122727,0.963889241,0.005086557,0.999915838,0.01093247,-0.004788593
2022-08-15 9:37:26.937,0.291190028,1.860991597,0.964054227,0.003003866,0.99992919,0.010473054,-0.004789386
2022-08-15 9:37:26.945,0.291505754,1.860783815,0.964197278,0.004798822,0.999930441,0.010234154,-0.003380259
2022-08-15 9:37:26.958,0.290861338,1.861093521,0.963944793,0.004584815,0.999922335,0.010601505,-0.004696273
2022-08-15 9:37:26.966,0.29080981,1.861156464,0.963832557,0.005289599,0.999911726,0.011163008,-0.004899085
2022-08-15 9:37:26.970,0.290878475,1.861073732,0.963927329,0.004809325,0.999919593,0.01075842,-0.004698073
2022-08-15 9:37:26.979,0.290856063,1.861113071,0.963883102,0.005156523,0.999914825,0.011010133,-0.004754449
2022-08-15 9:37:26.987,0.290812373,1.861149192,0.963862836,0.005131083,0.99991399,0.011043414,-0.004875483
2022-08-15 9:37:26.996,0.290928483,1.861044884,0.964003801,0.004360846,0.99992609,0.01039788,-0.004566844
2022-08-15 9:37:27.003,0.290885299,1.861063838,0.963969529,0.004501354,0.999923706,0.010539587,-0.00462393
2022-08-15 9:37:27.005,0.290914476,1.861053824,0.963950694,0.004639673,0.999922395,0.01058696,-0.004653241
2022-08-15 9:37:27.020,0.290884256,1.861070395,0.963965416,0.004588868,0.999922514,0.010595184,-0.0046726
2022-08-15 9:37:27.029,0.290866256,1.861091137,0.963931799,0.004688282,0.999920845,0.010679659,-0.004717053
2022-08-15 9:37:27.036,0.290907592,1.861050129,0.964000762,0.004319118,0.999926269,0.010383095,-0.004585061
2022-08-15 9:37:27.046,0.290905178,1.861041546,0.964006245,0.004231246,0.99992758,0.01030186,-0.004558894
2022-08-15 9:37:27.053,0.290924549,1.861044526,0.964004636,0.004259508,0.999926865,0.010359164,-0.004575275
2022-08-15 9:37:27.062,0.290895402,1.86105907,0.963980615,0.004410343,0.9999246,0.010494685,-0.004615536
2022-08-15 9:37:27.070,0.290879399,1.861071706,0.963959098,0.004519983,0.99992317,0.010556067,-0.004687394
2022-08-15 9:37:27.080,0.290958464,1.861019015,0.964028358,0.004212571,0.999927998,0.01030405,-0.00448704
2022-08-15 9:37:27.087,0.290838897,1.861110687,0.96389848,0.00489742,0.999917567,0.010867075,-0.00478764
2022-08-15 9:37:27.098,0.291733474,1.86061728,0.964151382,0.003950007,0.999929309,0.010547177,-0.003806137
2022-08-15 9:37:27.104,0.291517526,1.860755205,0.96418345,0.004735066,0.999930263,0.010272809,-0.003393827
2022-08-15 9:37:27.112,0.29083693,1.861112952,0.963899553,0.004911792,0.999917626,0.010843131,-0.00480526
2022-08-15 9:37:27.120,0.290845186,1.861118436,0.963874876,0.005121239,0.999914765,0.010997459,-0.004836159
2022-08-15 9:37:27.129,0.290848702,1.861101985,0.963914156,0.004824483,0.999918938,0.010783178,-0.004764035
2022-08-15 9:37:27.137,0.29085499,1.861096144,0.963902533,0.004958098,0.999917567,0.010844236,-0.004765978
2022-08-15 9:37:27.145,0.290867984,1.861074448,0.963952541,0.004563816,0.999922633,0.010581111,-0.004701845
2022-08-15 9:37:27.149,0.290858746,1.861085296,0.963908136,0.004882291,0.99991864,0.010791833,-0.004748993
2022-08-15 9:37:27.162,0.290875494,1.86108315,0.963919461,0.004879283,0.999919295,0.010746462,-0.004717367
2022-08-15 9:37:27.170,0.290892303,1.861070752,0.96396327,0.004516357,0.999923408,0.010533138,-0.004678571
2022-08-15 9:37:27.171,0.290909916,1.861056566,0.963971794,0.004500492,0.999924123,0.010495897,-0.004613459
2022-08-15 9:37:27.187,0.29087913,1.861069322,0.963947415,0.004583701,0.999922812,0.010562677,-0.004688871
2022-08-15 9:37:27.197,0.290901899,1.861068249,0.963960052,0.004601726,0.999923348,0.010533472,-0.004612098
2022-08-15 9:37:27.203,0.290842265,1.861112118,0.963882685,0.005019582,0.999916553,0.010891289,-0.004819275
2022-08-15 9:37:27.212,0.290853322,1.861101389,0.963894486,0.004967037,0.999917626,0.010825117,-0.004779829
2022-08-15 9:37:27.220,0.290795594,1.861183763,0.963770092,0.005691575,0.999906242,0.011411429,-0.004987112
2022-08-15 9:37:27.229,0.290867537,1.86111629,0.96385777,0.005345611,0.999912918,0.011055887,-0.004835275
2022-08-15 9:37:27.237,0.290897667,1.861075521,0.963973045,0.004556031,0.999923229,0.010544266,-0.004666494
2022-08-15 9:37:27.248,0.290857047,1.861113548,0.963891327,0.00498849,0.999917567,0.010832992,-0.00477103
2022-08-15 9:37:27.256,0.290854603,1.861107588,0.96391201,0.004832063,0.999918759,0.010771731,-0.004804874
2022-08-15 9:37:27.262,0.290797889,1.861202359,0.963743508,0.005966985,0.999902368,0.011604274,-0.004997279
2022-08-15 9:37:27.270,0.290855169,1.861106396,0.963904858,0.005005348,0.99991703,0.01086244,-0.004781114
2022-08-15 9:37:27.278,0.290824682,1.861144662,0.963837385,0.005349673,0.999912083,0.011113489,-0.004866901
2022-08-15 9:37:27.288,0.290819705,1.861162543,0.963837683,0.005371404,0.999911249,0.01117609,-0.004876636
2022-08-15 9:37:27.295,0.290898114,1.861069441,0.963963509,0.004566481,0.99992305,0.010543432,-0.004674258
2022-08-15 9:37:27.303,0.290886015,1.861083508,0.963962972,0.004686962,0.999921799,0.010629822,-0.004640197
2022-08-15 9:37:27.312,0.290919632,1.861052752,0.963996768,0.004448012,0.999925375,0.01041404,-0.004580921
2022-08-15 9:37:27.322,0.290875912,1.861093044,0.963935673,0.004854731,0.999919415,0.01074752,-0.004721098
2022-08-15 9:37:27.331,0.290821463,1.861128569,0.963875651,0.005166832,0.999914765,0.010984059,-0.004823739
2022-08-15 9:37:27.338,0.290870905,1.861083865,0.963925004,0.004835552,0.999919415,0.010757416,-0.004713729
2022-08-15 9:37:27.344,0.290855676,1.861076593,0.963946402,0.004671987,0.999921679,0.010625314,-0.004691388
2022-08-15 9:37:27.354,0.290926576,1.861046314,0.964021862,0.004262897,0.9999277,0.010286777,-0.004540683
2022-08-15 9:37:27.364,0.290917575,1.861050248,0.964006364,0.004252067,0.999927819,0.010271513,-0.004569436
2022-08-15 9:37:27.370,0.290927351,1.861051559,0.964025021,0.00419101,0.999928236,0.010260436,-0.004552587
2022-08-15 9:37:27.380,0.290903032,1.861049771,0.964009106,0.00419718,0.999927938,0.010283763,-0.004557706
2022-08-15 9:37:27.388,0.290917188,1.861052275,0.964011014,0.004308482,0.999927044,0.010325217,-0.004551705
2022-08-15 9:37:27.404,0.290860802,1.861091733,0.963957191,0.004579033,0.999922931,0.010539961,-0.004706142
2022-08-15 9:37:27.405,0.290885121,1.861085653,0.96396625,0.004607452,0.999922574,0.010574374,-0.004668292
2022-08-15 9:37:27.413,0.290895134,1.861068964,0.963986218,0.004404795,0.999925435,0.010397346,-0.004655731
2022-08-15 9:37:27.421,0.290920556,1.861064672,0.96400547,0.004283112,0.999926746,0.010354242,-0.004581817
2022-08-15 9:37:27.429,0.290866822,1.861087561,0.963952243,0.004617495,0.999922454,0.010592033,-0.004660276
2022-08-15 9:37:27.436,0.290901214,1.861075163,0.963968813,0.004608681,0.999922872,0.010574151,-0.004613189
2022-08-15 9:37:27.446,0.290835649,1.861131787,0.96390444,0.004886971,0.999917865,0.010840107,-0.004795714
2022-08-15 9:37:27.454,0.290839255,1.8611058,0.963922977,0.004891786,0.999918759,0.010772672,-0.004745429
2022-08-15 9:37:27.462,0.290804595,1.861163139,0.963860929,0.005116181,0.99991411,0.011044174,-0.004861832
2022-08-15 9:37:27.472,0.29088062,1.861084342,0.963953555,0.004626135,0.999922097,0.010622587,-0.00465878
2022-08-15 9:37:27.480,0.290797472,1.861163139,0.963837743,0.005337141,0.999911189,0.011193081,-0.004880005
2022-08-15 9:37:27.488,0.290858448,1.861101866,0.963934779,0.004811012,0.999919534,0.01075729,-0.004711285
2022-08-15 9:37:27.496,0.29116872,1.861014724,0.964057028,0.002952497,0.999929547,0.010422301,-0.004861027
2022-08-15 9:37:27.503,0.290884554,1.861074328,0.964000046,0.00439758,0.999925196,0.01043862,-0.004617016
2022-08-15 9:37:27.513,0.290789962,1.861144543,0.963865757,0.005153987,0.999914229,0.011026932,-0.004830715
2022-08-15 9:37:27.520,0.290764093,1.861187935,0.963808715,0.005548317,0.99990797,0.011362524,-0.004930817
2022-08-15 9:37:27.529,0.290727168,1.861213088,0.963769078,0.00575265,0.999904335,0.0115463,-0.004996562
2022-08-15 9:37:27.537,0.290755868,1.861213446,0.963751674,0.0059546,0.99990195,0.01165826,-0.004990039
2022-08-15 9:37:27.546,0.290810376,1.861112595,0.963934481,0.004704577,0.999920487,0.01068769,-0.004763833
2022-08-15 9:37:27.554,0.290846318,1.861092687,0.963956177,0.00454013,0.999923587,0.010499738,-0.004705089
2022-08-15 9:37:27.563,0.290823698,1.861127734,0.963886619,0.005046233,0.999915957,0.010926872,-0.004822615
2022-08-15 9:37:27.570,0.29080376,1.861163378,0.963850439,0.00521431,0.999913096,0.011082228,-0.004891344
2022-08-15 9:37:27.578,0.290801466,1.861142039,0.963899314,0.004932299,0.999916911,0.010889906,-0.004834979
2022-08-15 9:37:27.586,0.290822595,1.861140013,0.963876367,0.004985847,0.999916315,0.010912232,-0.004851941
2022-08-15 9:37:27.595,0.290820241,1.861133814,0.963921428,0.004766142,0.999919474,0.010736854,-0.004798873
2022-08-15 9:37:27.603,0.291158438,1.861018896,0.964053333,0.002945196,0.999929249,0.010439174,-0.004894573
2022-08-15 9:37:27.613,0.29082188,1.861156821,0.963837862,0.00539036,0.999910772,0.011213723,-0.00487035
2022-08-15 9:37:27.620,0.290842086,1.861129761,0.963884056,0.00509282,0.999915659,0.010954161,-0.004785107
2022-08-15 9:37:27.636,0.291136235,1.861027002,0.964046717,0.002933778,0.999928951,0.010458192,-0.004920274
2022-08-15 9:37:27.636,0.291169286,1.861007571,0.96405834,0.003006848,0.999928653,0.010503937,-0.004847135
2022-08-15 9:37:27.646,0.291136831,1.861026049,0.964039207,0.00301128,0.999928892,0.010458169,-0.004875745
2022-08-15 9:37:27.654,0.290877938,1.861079454,0.963950694,0.004680341,0.999922037,0.010615279,-0.004639481
2022-08-15 9:37:27.663,0.291156918,1.861015916,0.964048862,0.002947541,0.999928772,0.010471452,-0.004923666
2022-08-15 9:37:27.670,0.290845066,1.861103296,0.963935554,0.004787112,0.999919653,0.010758178,-0.004709303
2022-08-15 9:37:27.679,0.290881425,1.861068845,0.963979483,0.004573657,0.999922872,0.010582455,-0.004617243
2022-08-15 9:37:27.687,0.291229248,1.860960841,0.964078844,0.003041169,0.999929547,0.010469221,-0.004703607
2022-08-15 9:37:27.710,0.290879518,1.861069918,0.963958979,0.004700898,0.999921441,0.01066868,-0.004622629
2022-08-15 9:37:27.711,0.290856153,1.86107707,0.963954628,0.004652958,0.999921918,0.010618472,-0.004662349
2022-08-15 9:37:27.717,0.290854931,1.861074805,0.963947475,0.0047332,0.999920785,0.010684335,-0.004685759
2022-08-15 9:37:27.720,0.290920615,1.861042976,0.964004517,0.004343067,0.999925971,0.010422703,-0.004543559
2022-08-15 9:37:27.729,0.290848523,1.861110091,0.963880241,0.005196286,0.999914348,0.011022354,-0.004776015
2022-08-15 9:37:27.736,0.290868729,1.861083031,0.963985205,0.004480069,0.999924123,0.010494038,-0.004643733
2022-08-15 9:37:27.745,0.290893137,1.861082077,0.963984728,0.004461397,0.999923944,0.010523121,-0.004627319
2022-08-15 9:37:27.753,0.290906221,1.861053109,0.964000046,0.004438883,0.999924839,0.010465973,-0.004611116
2022-08-15 9:37:27.763,0.290922046,1.861053348,0.96401608,0.004365954,0.999925911,0.01042703,-0.004516005
2022-08-15 9:37:27.770,0.290902972,1.861053348,0.964004815,0.004380564,0.999925554,0.010427279,-0.004575295
2022-08-15 9:37:27.780,0.290939301,1.861037731,0.964026392,0.004312376,0.999926805,0.010384966,-0.004477419
2022-08-15 9:37:27.786,0.291203797,1.860969424,0.964056253,0.002990801,0.999929309,0.010473532,-0.004783649
2022-08-15 9:37:27.796,0.290892094,1.861058116,0.963990033,0.004410184,0.999925077,0.010459119,-0.004581795
2022-08-15 9:37:27.803,0.290903866,1.861046553,0.963973403,0.00451468,0.999923825,0.010537615,-0.004588581
2022-08-15 9:37:27.812,0.290905923,1.861061811,0.963977218,0.004512671,0.999923587,0.010557164,-0.004593784
2022-08-15 9:37:27.824,0.290926039,1.861045122,0.963987529,0.004399477,0.999925911,0.01041117,-0.004538038
2022-08-15 9:37:27.831,0.290872455,1.861092687,0.96394062,0.004656623,0.999921441,0.010657663,-0.004686255
2022-08-15 9:37:27.837,0.290890038,1.861072898,0.963954687,0.004682519,0.999921799,0.010631581,-0.00464858
2022-08-15 9:37:27.846,0.290846556,1.86111176,0.963907897,0.004905637,0.999917984,0.010859553,-0.004701784
2022-08-15 9:37:27.847,0.290838689,1.861110806,0.963898301,0.004906462,0.999917746,0.010862268,-0.00474641
2022-08-15 9:37:27.862,0.290872514,1.861085057,0.963956535,0.00463444,0.999921978,0.010611376,-0.004705536
2022-08-15 9:37:27.871,0.290827215,1.861131787,0.963837981,0.005381877,0.999911308,0.011169983,-0.004861816
2022-08-15 9:37:27.878,0.290803134,1.861168504,0.963775933,0.005856827,0.999904275,0.011531821,-0.004933838
2022-08-15 9:37:27.886,0.290890008,1.861073852,0.963925242,0.004887408,0.999919057,0.010781015,-0.004672184
2022-08-15 9:37:27.896,0.29086253,1.861108422,0.963869154,0.005196283,0.999914646,0.010991347,-0.00478538
2022-08-15 9:37:27.902,0.29082182,1.861134052,0.963810027,0.005630035,0.999907911,0.011363124,-0.004852228
2022-08-15 9:37:27.911,0.29084906,1.86110723,0.96389848,0.005102106,0.999915123,0.011004564,-0.004756057
2022-08-15 9:37:27.920,0.290880561,1.861078739,0.963943958,0.004752319,0.999920964,0.010653984,-0.004689952
2022-08-15 9:37:27.930,0.290821195,1.861132383,0.963833332,0.00539686,0.999910831,0.01119969,-0.00487456
2022-08-15 9:37:27.931,0.291536152,1.860736966,0.96419549,0.004808062,0.999930203,0.010266777,-0.003347743
2022-08-15 9:37:27.947,0.290871978,1.861077309,0.96392858,0.004921175,0.999918818,0.010787886,-0.004677601
2022-08-15 9:37:27.956,0.290865391,1.861084461,0.963909805,0.004941621,0.999918044,0.010816727,-0.004736544
2022-08-15 9:37:27.963,0.291509151,1.860760331,0.964211226,0.00488644,0.999930263,0.010235445,-0.003316471
2022-08-15 9:37:27.971,0.290852636,1.861077309,0.963957608,0.004620247,0.999922156,0.010611034,-0.004677831
2022-08-15 9:37:27.980,0.29086256,1.861086726,0.963959277,0.004689747,0.999921143,0.010661113,-0.004701039
2022-08-15 9:37:27.986,0.290823638,1.861114979,0.963893652,0.005039186,0.999916136,0.01094031,-0.004776343
2022-08-15 9:37:27.995,0.290871292,1.861085176,0.963963449,0.004565449,0.999922276,0.01061896,-0.00467599
2022-08-15 9:37:28.003,0.290799856,1.861153245,0.963851333,0.005277878,0.999912202,0.011139306,-0.004873577
2022-08-15 9:37:28.012,0.29081437,1.861141205,0.963834465,0.005369631,0.999911249,0.011183263,-0.00486342
2022-08-15 9:37:28.019,0.29084003,1.861116648,0.963922203,0.004771266,0.999919295,0.010761552,-0.004773614
2022-08-15 9:37:28.029,0.290847182,1.86109376,0.963939726,0.00466418,0.999921501,0.01063487,-0.004707378
2022-08-15 9:37:28.036,0.290809423,1.861138701,0.9638533,0.005130957,0.999914527,0.011002544,-0.004850258
2022-08-15 9:37:28.045,0.290796906,1.861168504,0.963809133,0.005464712,0.999909639,0.011251146,-0.004925115
2022-08-15 9:37:28.053,0.290848345,1.861106515,0.963906169,0.00488374,0.99991852,0.010801008,-0.004758209
2022-08-15 9:37:28.061,0.290833712,1.861112475,0.963897765,0.004801946,0.999919116,0.010775006,-0.004768811
2022-08-15 9:37:28.071,0.290830255,1.861111164,0.963925183,0.004770497,0.999919832,0.01072566,-0.00474757
2022-08-15 9:37:28.072,0.290797263,1.86114192,0.963844061,0.005174376,0.999913931,0.011029038,-0.004886139
2022-08-15 9:37:28.087,0.290828615,1.861109734,0.963908195,0.00476642,0.999919772,0.010722633,-0.004770744
2022-08-15 9:37:28.095,0.290849596,1.861101389,0.963953257,0.004517164,0.999923348,0.010520196,-0.004722465
2022-08-15 9:37:28.103,0.290760309,1.861207008,0.963733435,0.005908918,0.999902189,0.011636897,-0.005037428
2022-08-15 9:37:28.111,0.290809989,1.861151576,0.963839412,0.005218582,0.999912679,0.011111761,-0.004893976
2022-08-15 9:37:28.121,0.290824443,1.861107349,0.963910043,0.004717916,0.999920368,0.010689301,-0.004773565
2022-08-15 9:37:28.128,0.290838033,1.861105919,0.963909149,0.00485668,0.999918938,0.010772398,-0.004753453
2022-08-15 9:37:28.138,0.290851682,1.861091733,0.963923275,0.004739589,0.999920428,0.010692095,-0.004733865
2022-08-15 9:37:28.145,0.290828317,1.861117244,0.96388334,0.00498098,0.999916613,0.010908953,-0.004801301
2022-08-15 9:37:28.153,0.290849358,1.861100793,0.963926435,0.004721431,0.999920726,0.010676806,-0.004728387
2022-08-15 9:37:28.162,0.290825218,1.861101031,0.963905692,0.004782653,0.999919891,0.010705321,-0.00478245
2022-08-15 9:37:28.164,0.290832698,1.861094713,0.963929117,0.004660404,0.999920726,0.0106942,-0.004749533
2022-08-15 9:37:28.179,0.290843904,1.861105204,0.963886321,0.005064895,0.999916196,0.010929191,-0.004755583
2022-08-15 9:37:28.187,0.290852845,1.861082435,0.963950872,0.004533231,0.99992311,0.010553932,-0.004689056
2022-08-15 9:37:28.198,0.290840447,1.861102819,0.963924706,0.004667149,0.999921262,0.010653184,-0.004719764
2022-08-15 9:37:28.205,0.290879577,1.861071825,0.96397692,0.004385583,0.999925673,0.010399965,-0.004623967
2022-08-15 9:37:28.213,0.290866405,1.861090183,0.963947535,0.004617793,0.999922574,0.010577135,-0.004659693
2022-08-15 9:37:28.221,0.290858805,1.861096382,0.963923693,0.004750413,0.999920189,0.010722633,-0.004718055
2022-08-15 9:37:28.229,0.290820152,1.861127973,0.963868737,0.005043886,0.999915659,0.010952707,-0.004828384
2022-08-15 9:37:28.236,0.29088676,1.86106348,0.963987172,0.004448785,0.999924898,0.010457582,-0.004593948
2022-08-15 9:37:28.247,0.290860385,1.861087441,0.963968456,0.00450313,0.999923289,0.010552781,-0.004669369
2022-08-15 9:37:28.253,0.290847272,1.861108303,0.963931799,0.004783083,0.999919653,0.010741252,-0.004742176
2022-08-15 9:37:28.262,0.290872127,1.861085415,0.96395278,0.0046355,0.99992156,0.010673932,-0.004652478
2022-08-15 9:37:28.269,0.290846139,1.861104369,0.963909626,0.004847781,0.999918699,0.010810222,-0.00473432
2022-08-15 9:37:28.278,0.290835321,1.861117959,0.963917375,0.004757742,0.999919593,0.010747985,-0.00477345
2022-08-15 9:37:28.286,0.290840358,1.861105442,0.963894665,0.004982935,0.999917448,0.010862581,-0.004733551
2022-08-15 9:37:28.295,0.290857285,1.861110568,0.963953555,0.004556759,0.999922156,0.01063392,-0.004680349
2022-08-15 9:37:28.303,0.290860593,1.861098289,0.963915288,0.004891623,0.99991864,0.010799011,-0.00471585
2022-08-15 9:37:28.315,0.290887058,1.861063838,0.963989913,0.004464668,0.999923944,0.010551689,-0.004572516
2022-08-15 9:37:28.326,0.290864408,1.861090422,0.963947356,0.004498188,0.999922872,0.010601362,-0.004663685
2022-08-15 9:37:28.329,0.29088074,1.861070275,0.963952124,0.00466825,0.99992156,0.010653951,-0.004640787
2022-08-15 9:37:28.339,0.290849268,1.861082435,0.963924706,0.004852827,0.999918759,0.010798047,-0.004719909
2022-08-15 9:37:28.345,0.290875822,1.86107862,0.963933468,0.00477892,0.99992007,0.01074231,-0.004668356
2022-08-15 9:37:28.356,0.290786505,1.86116147,0.963807106,0.005533254,0.999908388,0.011349581,-0.004893134
2022-08-15 9:37:28.363,0.290822327,1.861139059,0.963850975,0.005260462,0.999912679,0.011119179,-0.004833682
2022-08-15 9:37:28.371,0.290857375,1.861075878,0.963940382,0.004707283,0.999920845,0.010685926,-0.004687419
2022-08-15 9:37:28.380,0.29082337,1.861097336,0.963913977,0.00486234,0.99991852,0.010795967,-0.004773216
2022-08-15 9:37:28.386,0.290776521,1.861168861,0.963796973,0.005589744,0.999907434,0.011385862,-0.004929895
2022-08-15 9:37:28.396,0.29081592,1.861129284,0.96384722,0.005264519,0.999913216,0.011068898,-0.004826331
2022-08-15 9:37:28.403,0.290853858,1.861088634,0.963911295,0.004905286,0.999917865,0.010863582,-0.004708833
2022-08-15 9:37:28.413,0.290840268,1.861097217,0.963896751,0.004932754,0.999917686,0.010855448,-0.004748147
2022-08-15 9:37:28.420,0.29083997,1.861086011,0.963912964,0.004932721,0.999917805,0.010863187,-0.004713023
2022-08-15 9:37:28.429,0.290863067,1.86106348,0.963959515,0.004622516,0.999921978,0.010637226,-0.00465346
2022-08-15 9:37:28.436,0.290831298,1.861104369,0.963907301,0.00490128,0.999917746,0.010860744,-0.004742916
2022-08-15 9:37:28.445,0.290817589,1.861107945,0.96392405,0.004813298,0.999918997,0.010789908,-0.004745697
2022-08-15 9:37:28.453,0.290865898,1.861066461,0.963958442,0.004636288,0.999921739,0.010649808,-0.004644013
2022-08-15 9:37:28.456,0.290822893,1.861110806,0.963953197,0.004642631,0.999921501,0.010646211,-0.004718287
2022-08-15 9:37:28.472,0.290847182,1.861076474,0.963957071,0.004608437,0.999921918,0.010630002,-0.004694829
2022-08-15 9:37:28.479,0.290846646,1.861100554,0.963917911,0.004847945,0.999918401,0.010829759,-0.004740498
2022-08-15 9:37:28.480,0.290859997,1.861073613,0.963986456,0.004381259,0.999925196,0.010440661,-0.004634698
2022-08-15 9:37:28.496,0.290854067,1.861091971,0.963948488,0.004696071,0.999920666,0.010715969,-0.004673533
2022-08-15 9:37:28.504,0.290836543,1.86112535,0.96388483,0.005113782,0.999915183,0.010976689,-0.00479534
2022-08-15 9:37:28.512,0.290831834,1.861133575,0.963858306,0.005257674,0.999913275,0.011074936,-0.004820869
2022-08-15 9:37:28.519,0.290772617,1.861231089,0.963713169,0.006172718,0.999898434,0.011815943,-0.005038624
2022-08-15 9:37:28.528,0.290798098,1.861151457,0.96383363,0.005381423,0.99991101,0.011207325,-0.004843748
2022-08-15 9:37:28.537,0.29084444,1.861103773,0.963934302,0.004649736,0.999921441,0.010643302,-0.004721715
2022-08-15 9:37:28.547,0.290825576,1.861117959,0.963881195,0.005099236,0.999915719,0.010942856,-0.004777909
2022-08-15 9:37:28.566,0.29081443,1.861140013,0.963848352,0.005320983,0.999911606,0.011183608,-0.004844952
2022-08-15 9:37:28.566,0.290800273,1.861166954,0.963796973,0.00562901,0.999907494,0.011361575,-0.004936429
2022-08-15 9:37:28.566,0.290723711,1.861339331,0.963551641,0.007045093,0.999883115,0.012509028,-0.005267431
2022-08-15 9:37:28.579,0.290842742,1.861102462,0.96393919,0.004704447,0.999921381,0.010641276,-0.0046939
2022-08-15 9:37:28.593,0.290799141,1.861181021,0.963759899,0.005840705,0.999904275,0.011521844,-0.00496163
2022-08-15 9:37:28.601,0.29080072,1.861167669,0.96380955,0.005441692,0.999909699,0.011261667,-0.004914907
2022-08-15 9:37:28.605,0.290804625,1.861156583,0.963840306,0.005402674,0.999910951,0.011192862,-0.004875371
2022-08-15 9:37:28.606,0.290779382,1.861164451,0.963826299,0.005386331,0.999910295,0.011228694,-0.00493602
2022-08-15 9:37:28.615,0.290789545,1.861173511,0.963798821,0.005620674,0.999907196,0.011382579,-0.004942966
2022-08-15 9:37:28.631,0.290796995,1.861148596,0.963880062,0.005056472,0.999915004,0.01099682,-0.004841493
2022-08-15 9:37:28.639,0.290757388,1.861230254,0.963694453,0.006145898,0.999898672,0.01179587,-0.005087444
2022-08-15 9:37:28.645,0.290818483,1.861116886,0.9638834,0.005101237,0.999915361,0.010957453,-0.004812588
2022-08-15 9:37:28.653,0.290758967,1.861192465,0.963754058,0.005753478,0.999904454,0.0115377,-0.004998686
2022-08-15 9:37:28.662,0.290805191,1.861132741,0.963871837,0.005021347,0.999916136,0.010902761,-0.004865556
2022-08-15 9:37:28.671,0.290770173,1.86122334,0.963690341,0.00635426,0.999896288,0.011896815,-0.005050712
2022-08-15 9:37:28.679,0.290761709,1.861244798,0.963663042,0.006442125,0.99989444,0.011988325,-0.005098911
2022-08-15 9:37:28.687,0.290810913,1.861140966,0.963837087,0.005381771,0.999911249,0.0111822,-0.004846809
2022-08-15 9:37:28.698,0.290762007,1.861203432,0.963756084,0.005864449,0.99990356,0.011557427,-0.005005753
2022-08-15 9:37:28.705,0.290780813,1.861172676,0.963784873,0.005669126,0.9999066,0.011421753,-0.004927276
2022-08-15 9:37:28.714,0.290813088,1.861121893,0.963883162,0.005082457,0.999914944,0.011013312,-0.004792063
2022-08-15 9:37:28.720,0.290663362,1.86147058,0.963331997,0.008253462,0.999860585,0.013451492,-0.005461449
2022-08-15 9:37:28.729,0.290753812,1.861238003,0.963682115,0.006322432,0.99989599,0.011922112,-0.005091169
2022-08-15 9:37:28.737,0.290746152,1.861227274,0.963719904,0.006095345,0.999899447,0.011768137,-0.005060617
2022-08-15 9:37:28.745,0.290769428,1.861151576,0.963864803,0.005178661,0.999913156,0.011085462,-0.004904584
2022-08-15 9:37:28.753,0.29077965,1.861156106,0.963836849,0.005217269,0.999912798,0.011091767,-0.004923841
2022-08-15 9:37:28.764,0.290764928,1.861152649,0.963834345,0.005299309,0.999911845,0.011148022,-0.004906372
2022-08-15 9:37:28.770,0.290805399,1.861112595,0.963913023,0.004835136,0.999918282,0.010831703,-0.004781415
2022-08-15 9:37:28.781,0.290752321,1.861170769,0.963818014,0.005444108,0.999909341,0.011284103,-0.004935518
2022-08-15 9:37:28.794,0.290789843,1.861150622,0.963871837,0.005113919,0.999914646,0.010990902,-0.004879332
2022-08-15 9:37:28.796,0.29073447,1.861245036,0.963692427,0.006207732,0.999897242,0.011881579,-0.005090366
2022-08-15 9:37:28.804,0.290696323,1.861348867,0.963546872,0.007157554,0.999881387,0.012580704,-0.005277134
2022-08-15 9:37:28.813,0.290723383,1.861267567,0.963643253,0.006505035,0.999892592,0.01208536,-0.00515468
2022-08-15 9:37:28.821,0.290752977,1.861188054,0.963801026,0.005495063,0.999908626,0.011300688,-0.004988627
2022-08-15 9:37:28.829,0.290692866,1.861364961,0.9634884,0.007385196,0.999876976,0.012771992,-0.00532975
2022-08-15 9:37:28.830,0.290691972,1.861378908,0.963473737,0.0074996,0.99987483,0.012852975,-0.005377779
2022-08-15 9:37:28.840,0.290688366,1.86140871,0.963408589,0.007805706,0.999869168,0.013092367,-0.005418742
2022-08-15 9:37:28.848,0.290641397,1.86155045,0.963206589,0.008827451,0.999849379,0.013856827,-0.005610642
2022-08-15 9:37:28.862,0.290726632,1.86130023,0.963562131,0.006968945,0.999885023,0.012414625,-0.005238473
2022-08-15 9:37:28.870,0.290677249,1.861445069,0.963353813,0.008053104,0.999865055,0.013238117,-0.005468205
2022-08-15 9:37:28.880,0.290753752,1.861271381,0.963607252,0.006755762,0.999889016,0.012232368,-0.005182432
2022-08-15 9:37:28.886,0.290788412,1.861215711,0.96369952,0.006238591,0.999898195,0.011809363,-0.005032463
2022-08-15 9:37:28.895,0.290812224,1.861139417,0.963847041,0.00526975,0.999913216,0.011056472,-0.004864235
2022-08-15 9:37:28.903,0.290803462,1.861151338,0.963834763,0.005253664,0.999912858,0.011082997,-0.004898924
